       53478      112.33000       40.16000     1212.00000
       53487      113.33000       40.10000     1069.00000
       53564      111.15000       39.38000      861.00000
       53588      113.53000       38.95000     2210.00000
       53663      111.82000       38.92000     1402.00000
       53664      112.71000       38.40000      900.00000
       53673      112.70000       38.75000      838.00000
       53764      111.10000       37.50000      951.00000
       53772      112.55000       37.78000      779.00000
       53782      113.56000       37.81000      908.00000
       53787      112.98000       37.06000     1042.00000
       53853      110.95000       36.70000     1053.69995
       53863      111.93000       37.03000      745.00000
       53868      111.50000       36.07000      450.29999
       53882      113.07000       36.07000      991.40002
       53887      113.12000       36.20000      926.50000
       53959      111.01000       35.05000      365.00000
       53963      111.37000       35.65000      435.00000
       53975      112.40000       35.48000      659.00000
       53231      106.38000       41.45000     1510.00000
       53336      108.51000       41.56000     1290.00000
       53352      110.43000       41.70000     1377.00000
       53362      111.68000       41.53000     1490.40002
       53420      107.13000       40.90000     1057.90002
       53446      109.85000       40.67000     1069.09998
       53463      111.68000       40.81000     1065.00000
       53480      113.06000       41.03000     1416.00000
       53502      105.75000       39.78000     1143.00000
       53513      107.40000       40.76000     1041.00000
       53529      107.98000       39.10000     1381.00000
       53543      109.98000       39.83000     1459.00000
       53602      105.53000       38.83000     1500.00000
       54823      116.98000       36.60000      169.00000
       54909      115.56000       35.06000       49.00000
       53898      114.36000       36.05000       64.00000
       53986      113.88000       35.32000       74.00000
       57051      111.20000       34.80000      411.79999
       57067      111.03000       34.05000      570.00000
       57071      112.43000       34.81000      333.00000
       57073      112.47000       34.63000      137.89999
       57077      111.60000       33.78000      751.50000
       57083      113.65000       34.71000      111.00000
       57091      114.38000       34.77000       73.70000
       57181      113.05000       33.88000      137.50000
       56079      102.96000       33.58000     3441.00000
       56173      102.70000       31.85000     3422.00000
       53646      109.70000       38.23000     1058.00000
       53725      107.58000       37.58000     1361.19995
       53738      108.38000       37.15000     1438.00000
       53740      109.65000       37.13000     1189.00000
       53754      110.25000       37.46000      900.00000
       53845      109.50000       36.60000      959.00000
       53929      107.80000       35.21000     1219.00000
       53942      109.41000       35.75000     1000.00000
       53947      109.05000       35.16000      914.00000
       57016      107.13000       34.35000      610.00000
       57034      108.23000       34.53000      335.00000
       57036      108.93000       34.30000      398.00000
       57046      110.08000       34.48000     2063.00000
       57106      105.75000       33.75000     1128.00000
       57127      107.03000       33.06000      509.00000
       57134      108.25000       33.45000      548.00000
       57143      109.95000       33.91000      748.00000
       57144      109.15000       33.41000      610.00000
       57232      108.51000       32.90000      457.00000
       57245      109.03000       32.71000      291.00000
       52674      102.18000       38.46000     1676.00000
       52679      102.67000       37.92000     1531.90002
       52787      102.86000       37.20000     3044.00000
       52797      104.21000       37.13000     1402.00000
       52889      103.88000       36.05000     1518.00000
       52895      104.68000       36.58000     1505.00000
       52983      104.15000       35.87000     1875.40002
       52984      102.98000       35.46000     1920.00000
       52986      104.00000       35.33000     1905.00000
       52996      105.00000       35.38000     2450.00000
       52993      105.08000       35.68000     2013.19995
       53821      107.20000       36.76000     1322.00000
       53915      106.66000       35.55000     1348.00000
       53923      107.63000       35.73000     1423.00000
       56074      102.30000       34.20000     3109.00000
       56075      102.63000       34.08000     3360.60010
       56080      102.90000       35.00000     2910.00000
       56093      104.88000       34.71000     1371.00000
       56096      104.91000       33.40000     1079.00000
       57006      105.75000       34.58000     1143.00000
       52645       99.55000       38.46000     2169.00000
       52657      100.25000       38.23000     2700.00000
       52754      100.13000       37.33000     3302.00000
       52765      101.61000       37.36000     2682.00000
       52825       96.46000       36.45000     2804.00000
       52836       98.10000       36.30000     3192.00000
       52842       99.08000       36.78000     2925.00000
       52856      100.78000       36.35000     2743.00000
       52866      101.76000       36.61000     2296.00000
       52868      101.43000       36.03000     2072.00000
       52876      102.83000       36.33000     1905.00000
       52908       93.08000       35.22000     4614.20020
       52943       99.98000       35.75000     3200.00000
       52957      100.65000       35.26000     3290.00000
       52955      100.75000       35.58000     3201.60010
       52968      101.47000       35.03000     3663.80005
       52974      102.02000       35.52000     2492.30005
       56021       95.78000       34.13000     4176.00000
       56033       98.21000       34.91000     4273.00000
       56041       98.88000       34.50000     4175.00000
       56043      100.25000       34.47000     3720.50000
       56046       99.65000       33.75000     3968.00000
       56065      101.60000       34.73000     3501.00000
       56067      101.48000       33.46000     3350.00000
       56151      100.58000       32.56000     3505.00000
       53519      106.40000       39.05000      975.00000
       53614      106.21000       38.48000     1112.00000
       53615      106.31000       38.46000     1005.00000
       53704      105.18000       37.52999     1226.80005
       53705      105.66000       37.48000     1193.00000
       53723      107.40000       37.80000     1356.00000
       53806      105.65000       36.57000     1855.50000
       53810      106.15000       36.55000     1615.00000
       53817      106.28000       36.01000     1676.00000
       53903      105.71000       35.96000     1935.00000
      524240       96.00000       40.50000     1177.00000
      584240      117.05000       30.53000       20.00000
      575740      112.18000       29.43000       28.00000
      572510      110.11000       32.76000      610.00000
      546020      115.56000       38.85000       19.00000
      561720      102.23000       31.90000     2666.00000
      562470       99.10000       30.00000     2589.00000
      545180      116.40000       39.05000        8.00000
      524950      104.50000       40.75000     1329.00000
      573130      106.70000       31.90000      360.00000
      545110      116.28000       39.93000       55.00000
      582210      117.36000       32.95000       22.00000
      545273      117.35000       39.11000        2.00000
      581020      115.76000       33.88000       42.00000
      542260      120.70000       42.33000      401.00000
      546160      116.83000       38.33000       11.00000
      547510      120.71000       37.93000       40.00000
      576620      111.68000       29.05000       35.00000
      583430      119.95000       31.76000       15.00000
      543240      120.45000       41.55000      176.00000
      544230      117.93000       40.98000      386.00000
      562940      104.01000       30.66000      508.00000
      542180      118.96000       42.26000      572.00000
      575160      106.48000       29.58000      260.00000
      573280      107.50000       31.20000      344.00000
      527130       95.36000       37.85000     3174.00000
      563570      100.30000       29.05000     3729.00000
      561670      101.11000       30.98000     2959.00000
      561440       98.58000       31.73000     3201.00000
      527370       97.36000       37.36000     2982.00000
      561160       95.60000       31.41000     3874.00000
      547140      116.31000       37.43000       22.00000
      582510      120.31000       32.86000        5.00000
      524180       94.68000       40.15000     1140.00000
      542080      116.46000       42.18000     1247.00000
      522670      101.06000       41.95000      941.00000
      563850      103.33000       29.51000     3049.00000
      574470      109.46000       30.28000      458.00000
      572590      110.76000       32.03000      435.00000
      573480      109.50000       31.01000      303.00000
      543080      116.63000       41.21000      661.00000
      549290      117.95000       35.25000      120.00000
      575220      107.40000       29.71000      275.00000
      582030      115.83000       32.86000       33.00000
      580400      119.13000       34.83000       10.00000
      582410      119.45000       32.78000        3.00000
      561460      100.00000       31.61000     3394.00000
      528180       94.90000       36.41000     2809.00000
      585190      116.88000       29.08000       31.00000
      523780      102.36000       41.36000      960.00000
      572650      111.66000       32.38000       91.00000
      582080      115.66000       32.16000       58.00000
      584570      120.16000       30.23000       43.00000
      583210      117.23000       31.86000       36.00000
      549060      115.43000       35.25000       51.00000
      581380      118.66000       33.33000        2.00000
      527400       99.01000       37.30000     3627.00000
      533910      114.00000       41.90000     1484.00000
      544050      115.50000       40.40000      538.00000
      584370      118.15000       30.13000     1836.00000
      547250      117.53000       37.50000       12.00000
      583140      116.33000       31.40000       68.00000
      574760      112.18000       30.33000       33.00000
      585270      117.20000       29.30000       60.00000
      585490      119.63000       29.15000       35.00000
      524470       98.90000       39.81000     1372.00000
      564620      101.50000       29.00000     2994.00000
      525330       98.48000       39.76000     1478.00000
      532760      112.90000       42.40000     1152.00000
      549360      118.75000       35.55000      109.00000
      563740      101.96000       30.05000     2617.00000
      525760      102.83000       39.38000     1383.00000
      575450      109.38000       29.53000      561.00000
      573060      105.96000       31.58000      385.00000
      563860      103.76000       29.56000      440.00000
      545390      118.90000       39.43000       12.00000
      574260      107.80000       30.68000      455.00000
      547150      116.56000       37.33000       19.00000
      549380      118.35000       35.05000       86.00000
      562570      100.26000       30.00000     3950.00000
      583450      119.48000       31.43000        8.00000
      547530      120.31000       37.61000        5.00000
      585060      115.98000       29.58000     1165.00000
      574510      110.26000       30.78000     1188.00000
      573990      114.96000       31.18000       59.00000
      531490      110.13000       42.53000     1223.00000
      523230       97.03000       41.80000     1770.00000
      561960      104.68000       31.45000      522.00000
      526810      103.10000       38.76000     1367.00000
      546460      119.68000       38.35000        6.00000
      574110      106.08000       30.80000      310.00000
      547050      115.38000       37.36000       42.00000
      561250       96.21000       32.25000     4145.00000
      582380      118.80000       32.00000        7.00000
      582590      120.86000       32.10000        1.00000
      571780      112.58000       33.03000      131.00000
      575040      105.05000       29.58000      357.00000
      563120       94.46000       29.56000     3001.00000
      561930      104.51000       32.41000      894.00000
      546180      116.55000       38.08000       13.00000
      575830      113.88000       29.71000       61.00000
      561370       97.16000       31.15000     3307.00000
      548570      120.33000       36.06000       77.00000
      581440      119.03000       33.60000       19.00000
      544360      118.95000       40.40000      228.00000
      560340       97.13000       33.80000     4419.00000
      584070      115.33000       30.06000       29.00000
      549450      119.53000       35.43000       37.00000
      575540      110.16000       29.40000      322.00000
      561520      100.33000       32.28000     3896.00000
      526610      101.08000       38.80000     1760.00000
      585560      120.81000       29.60000      108.00000
      581500      120.25000       33.76000        7.00000
      575620      111.30000       29.58000       91.00000
      536980      114.41000       38.03000       81.00000
      560380       98.10000       32.98000     4114.00000
      582150      116.78000       32.58000       23.00000
      524460       99.80000       40.40000     1158.00000
      561820      103.56000       32.65000     2852.00000
      574050      105.58000       30.50000      300.00000
      581220      117.95000       33.90000       26.00000
      544540      120.35000       40.35000       18.00000
      573850      113.36000       31.71000       61.00000
      583580      120.61000       31.26000       19.00000
      548260      117.10000       36.25000     1536.00000
      580150      116.33000       34.41000       44.00000
      546230      117.60000       39.01000        4.00000
      545340      118.15000       39.66000       29.00000
      545270      117.16000       39.10000        5.00000
      584450      119.41000       30.35000     1494.00000
      585310      118.25000       29.75000       61.00000
      526330       98.41000       38.80000      609.00000
      574320      108.35000       30.80000      299.00000
      572370      108.03000       32.06000      674.00000
      543110      117.75000       41.93000      844.00000
      548430      119.08000       36.76000       22.00000
      561880      103.58000       31.48000     2042.00000
      574580      110.66000       30.20000      915.00000
      574940      114.13000       30.61000       23.00000
      583380      118.35000       31.33000       16.00000
      561780      102.36000       31.01000     2426.00000
      571930      114.51000       33.78000       53.00000
      523130       95.13000       41.78000     1935.00000
      537980      114.50000       37.06000       78.00000
      562510      100.20000       30.96000     3500.00000
      548080      115.58000       36.23000       38.00000
      572970      114.05000       32.13000      115.00000
      575980      114.58000       29.03000      147.00000
      580270      117.15000       34.28000       42.00000
      562870      103.00000       29.98000      629.00000
      549160      116.85000       35.56000       53.00000
      574610      111.30000       30.70000      134.00000
      584020      115.66000       30.75000      116.00000
      548360      118.15000       36.18000      302.00000
      547360      118.73000       37.55000        6.00000
      535930      114.56000       39.83000      910.00000
      575840      113.08000       29.38000       52.00000
      524360       97.03000       40.26000     1527.00000
      560290       97.01000       33.01000     3682.00000
      560180       95.30000       32.90000     4068.00000
      572790      112.66000       32.15000      127.00000
      544010      114.88000       40.78000      726.00000
      526520      100.43000       38.93000     1483.00000
      573780      112.56000       31.16000       66.00000
      572900      114.01000       33.00000       83.00000
      760014      117.00000       32.55000      153.00000
