       53478   112.4500       40.00000       1347.200    
       53487   113.3300       40.10000       1069.000    
       53564   111.1500       39.38000       861.5000    
       53588   113.5300       39.03000       2897.700    
       53663   111.8200       38.92000       1402.000    
       53664   111.1300       38.47000       1013.600    
       53673   112.7200       38.73000       828.3000    
       53764   111.1000       37.50000       951.2000    
       53772   112.5500       37.78000       779.5000    
       53782   113.5500       37.85000       742.6000    
       53787   112.9800       37.07000       1041.800    
       53853   110.9500       36.70000       1053.700    
       53863   111.9200       37.02999       745.8000    
       53868   111.5000       36.07000       450.3000    
       53882   113.0700       36.07000       991.4000    
       53887   113.1200       36.20000       926.5000    
       53959   111.0200       35.03000       375.9000    
       53963   111.3700       35.65000       435.0000    
       53975   112.4000       35.48000       658.8000    
       53231   106.4000       41.40000       1510.200    
       53336   108.5200       41.57000       1289.800    
       53352   110.4300       41.70000       1377.100    
       53362   111.6800       41.53000       1490.400    
       53420   107.1300       40.90000       1057.900    
       53446   109.8500       40.67000       1069.100    
       53463   111.6800       40.82000       1065.000    
       53480   113.0700       41.03000       1421.500    
       53502   105.7500       39.78000       6033.000    
       53513   107.4200       40.75000       1040.800    
       53529   107.9800       39.10000       1381.300    
       53543   109.9800       39.83000       1459.000    
       53602   105.6700       38.83000       1562.800    
       54823   116.9800       36.68000       57.80000    
       54909   115.5500       35.09999       51.70000    
       53898   114.3700       36.12000       76.40000    
       53986   113.8800       35.32000       74.00000    
       57051   111.2000       34.80000       411.8000    
       57067   111.0300       34.05000       569.9000    
       57071   112.4300       34.83000       324.6000    
       57073   112.4700       34.63000       137.9000    
       57077   111.6000       33.78000       751.5000    
       57083   113.6500       34.72000       111.3000    
       57091   114.3800       34.77000       73.70000    
       57181   113.0500       33.88000       137.5000    
       56079   102.9700       33.58000       3441.100    
       56173   102.5500       32.80000       3492.700    
       53646   109.7000       38.23000       1058.500    
       53725   107.5800       37.58000       1361.200    
       53738   108.1800       36.83000       1273.600    
       53740   109.2300       37.93000       1107.500    
       53754   110.2200       37.50000       928.5000    
       53845   109.5000       36.60000       958.9000    
       53929   107.8000       35.20000       1206.800    
       53942   109.5000       35.82000       1159.100    
       53947   109.0700       35.08000       979.7000    
       57016   107.1300       34.35000       613.6000    
       57034   108.2200       34.25000       449.1000    
       57036   108.9300       34.30000       398.6000    
       57046   110.0800       34.48000       2057.900    
       57106   106.1500       33.32000       797.3000    
       57127   107.0300       33.07000       509.3000    
       57134   107.9800       33.53000       1088.600    
       57143   109.9700       33.87000       743.8000    
       57144   109.1500       33.43000       693.6000    
       57232   108.2700       33.05000       485.0000    
       57245   109.0300       32.72000       291.2000    
       52674   101.9700       38.23000       1976.500    
       52679   102.6700       37.92000       1531.900    
       52787   102.8700       37.20000       3043.900    
       52797   104.0500       37.18000       1631.400    
       52889   103.8800       36.05000       1518.300    
       52895   104.6800       36.57000       1399.300    
       52983   104.1500       35.87000       1875.400    
       52984   103.1800       35.58000       1918.500    
       52986   103.8700       35.37000       1887.800    
       52996   105.0000       35.38000       2450.400    
       52993   105.0800       35.68000       2013.200    
       53821   107.3000       36.57999       1256.000    
       53915   106.6700       35.55000       1348.200    
       53923   107.6300       35.73000       1421.900    
       56074   102.0800       34.00000       3473.200    
       56075   102.6300       34.08000       3360.600    
       56080   102.9000       35.00000       2910.500    
       56093   104.0200       34.43000       2315.800    
       56096   104.9200       33.40000       1081.700    
       57006   105.7500       34.58000       1142.600    
       52645   99.57999       38.42000       8181.000    
       52657   100.2500       38.18000       2788.500    
       52754   100.1300       37.33000       8302.400    
       52765   101.6200       37.38000       7851.000    
       52825   96.42000       36.43000       2791.400    
       52836   98.10000       36.30000       3192.100    
       52842   99.08000       36.78000       3088.700    
       52856   100.6200       36.27000       2836.000    
       52866   101.7700       36.62000       2262.200    
       52868   101.4300       36.03000       2238.100    
       52876   102.8500       36.32000       1814.800    
       52908   93.08000       35.22000       4614.200    
       52943   99.98000       35.58000       3324.300    
       52957   100.6500       35.27000       3290.400    
       52955   100.7500       35.58000       3201.600    
       52968   101.4700       35.03000       3663.800    
       52974   102.0200       35.52000       2492.300    
       56021   95.48000       34.55000       4232.200    
       56033   98.21999       34.92000       4273.300    
       56041   99.20000       34.27000       4212.200    
       56043   100.2500       34.47000       3720.500    
       56046   99.65000       33.75000       3968.500    
       56065   101.6000       34.73000       8501.000    
       56067   101.4800       33.43000       3630.000    
       56151   100.7500       32.93000       8751.000    
       53519   106.7700       39.22000       1092.200    
       53614   106.2200       38.48000       1112.700    
       53615   106.7000       38.80000       1102.900    
       53704   105.1800       37.52999       1226.800    
       53705   105.6700       37.48000       1184.900    
       53723   107.4000       37.78000       1348.900    
       53806   105.6500       36.57000       1855.500    
       53810   105.9000       36.98000       1345.200    
       53817   106.2700       36.00000       1752.800    
       53903   105.7200       35.97000       1921.400    
