83090300 2    0. -36. 423.1 29.8 300.4 1.60  0.00   0    4   -6  6
83090301 2    0. -31. 421.5 28.9 300.1 1.70  0.00   0    5   -5  6
83090302 2    0. -26. 424.4 27.3 299.9 2.10  0.00   0    8   -4  6
83090303 2    0. -24. 428.0 26.8 299.6 0.80  0.00 100   -1    0  0
83090304 2    0. -25. 417.6 26.9 299.1 1.50  0.00 100    5   -7  0
83090305 2    0. -14. 428.6 27.6 298.6 1.80  0.00 100    8  -12  0
83090306 2   63.  34. 426.9 27.5 299.2 1.10  0.00 100   21    3  0
83090307 2  261. 242. 470.6 28.3 300.6 0.50  0.00 100   95   45  0
83090308 2  461. 414. 488.3 29.1 302.6 0.80  0.00 100  151   90  0
83090309 2  407. 341. 473.8 29.4 302.9 1.00  0.00 999    0    0  0
83090310 2  304. 258. 480.5 28.8 303.4 0.90  0.00 110    0   72  0
83090311 2  645. 516. 444.1 28.5 303.9 2.20  0.00 100  189  101  0
83090312 2  587. 481. 466.5 28.3 304.1 2.00  0.00   0  229  103 37
83090313 2  682. 557. 463.9 27.6 305.1 2.30  0.00   0  232  118 37
83090314 2  630. 519. 479.4 29.2 304.6 1.60  0.00 100  210   81  0
83090315 2  477. 424. 516.9 28.2 304.6 1.70  0.00 999    0    0  0
83090316 2  212. 181. 498.1 28.4 304.4 1.00  0.00 999    0    0  0
83090317 2   43.   7. 457.7 29.5 303.6 1.00  0.00 100    4    0  0
83090318 2    0. -36. 433.3 28.9 303.1 1.30  0.00 100   14   -4  0
83090319 2    0. -40. 418.6 27.4 303.1 1.30  0.00 100    6   -2  0
83090320 2    0. -33. 419.1 28.2 302.2 1.10  0.00 999    0    0  0
83090321 2    0. -30. 417.7 31.1 301.1 1.20  0.00 100   14    2  0
83090322 2    0. -36. 409.4 31.8 300.4 1.30  0.00 100    9   -2  0
83090323 2    0. -32. 412.2 30.8 299.9 1.70  0.00 100    1   -2  0
83090400 2    0. -32. 413.7 30.6 299.6 1.60  0.00 100    0    3  0
83090401 2    0. -32. 412.8 30.7 299.1 1.80  0.00 999    0    0  0
83090402 2    0. -21. 424.1 31.0 298.6 1.60  0.00 999    0    0  0
83090403 2    0. -15. 430.2 31.1 298.4 1.50  0.00 999    0    0  0
83090404 2    0.  -9. 436.5 30.8 298.1 1.80  0.00 999    0    0  0
83090405 2    0.  -5. 441.1 30.2 297.9 1.90  0.00 999    0    0  0
83090406 2   49.   0. 404.4 30.4 297.9 1.70  0.00 999    0    0  0
83090407 2  157.  26. 338.3 30.7 298.1 1.70  0.00 999    0    0  0
83090408 2  198. 119. 397.7 31.4 298.7 1.80  0.00 999    0    0  0
83090409 2  352. 229. 383.5 31.0 300.1 1.00  0.00 999    0    0  0
83090410 2  713. 600. 453.2 30.2 302.1 0.70  0.00 999    0    0  0
83090411 2  778. 617. 433.7 29.7 304.1 1.00  0.00 100  312  250  0
83090412 2  510. 431. 489.6 28.6 304.1 1.20  0.00 100  318  151  0
83090413 2  666. 540. 461.8 27.6 304.7 1.20  0.00 100  372  113  0
83090414 2  602. 508. 491.9 26.4 305.4 1.40  0.00 100  301   75  0
83090415 2  443. 368. 494.4 25.8 305.1 1.90  0.00 100  228   58  0
83090416 2  189. 148. 486.5 26.1 304.6 1.20  0.00 100   83   12  0
83090417 2   44.   8. 457.8 27.2 303.4 1.90  0.00 999    0    0  0
83090418 2    0. -15. 454.9 26.6 302.7 2.10  0.00 999    0    0  0
83090419 2    0. -16. 452.9 28.3 300.6 1.60  0.00 999    0    0  0
83090420 2    0. -23. 436.1 28.2 299.9 1.80  0.00 999    0    0  0
83090421 2    0. -26. 427.6 27.4 299.1 1.90  0.00 999    0    0  0
83090422 2    0. -25. 424.0 27.8 298.4 1.90  0.00 999    0    0  0
83090423 2    0. -26. 419.3 28.2 297.9 1.80  0.00 999    0    0  0
83090500 2    0. -22. 420.3 28.2 297.4 1.10  0.00 999    0    0  0
83090501 2    0. -16. 421.5 28.5 297.4 1.10  0.00 999    0    0  0
83090502 2    0. -12. 425.3 28.2 297.1 1.10  0.00 999    0    0  0
83090503 2    0. -18. 419.6 27.7 296.7 1.00  0.00 100   14    2  0
83090504 2    0. -16. 418.8 27.3 296.6 1.10  0.00 100  -10   -1  0
83090505 2    0. -11. 423.2 27.3 296.6 0.70  0.00 100   -7    1  0
83090506 2   25.  16. 427.9 27.8 296.6 0.70  0.00 100   18    6  0
83090507 2  108.  76. 421.0 27.8 297.2 0.70  0.00 999    0    0  0
83090508 2   84.  47. 419.3 28.2 297.4 1.20  0.00 999    0    0  0
83090509 2  345. 178. 328.3 29.5 298.4 0.90  0.00 999    0    0  0
83090510 2  454. 327. 393.0 29.4 300.1 1.10  0.00 999    0    0  0
83090511 2  627. 571. 499.1 29.7 301.6 1.40  0.00 999    0    0  0
83090512 2  722. 593. 454.0 29.1 302.9 1.30  0.00 999    0    0  0
83090513 2  713. 599. 476.6 28.6 303.6 1.60  0.00 999    0    0  0
83090514 2  401. 337. 488.6 28.4 303.9 1.00  0.00 999    0    0  0
83090515 2  244. 197. 478.6 28.9 303.2 1.00  0.00   0  175   41 20
83090516 2  176. 132. 463.7 29.5 302.2 1.20  0.00 100   76    9  0
83090517 2   50.   8. 438.4 30.1 301.7 0.60  0.00 100   28    2  0
83090518 2    0. -37. 424.9 29.4 301.2 0.90  0.00 999    0    0  0
83090519 2    0. -37. 412.2 29.0 301.1 0.80  0.00 999    0    0  0
83090520 2    0. -26. 416.1 30.4 299.7 1.60  0.00 100   62  -21  0
83090521 2    0. -28. 418.1 30.8 299.6 1.30  0.00 100   21   -6  0
83090522 2    0. -30. 413.8 31.0 299.7 1.20  0.00 100    3   -6  0
83090523 2    0. -31. 410.0 30.8 299.6 1.30  0.00 100    2   -9  0
83090600 2    0. -30. 411.8 30.8 299.9 1.50  0.00 100    9   -6  0
83090601 2    0. -31. 412.1 30.0 299.9 1.50  0.00 100   -4    1  0
83090602 2    0. -25. 418.3 30.4 299.4 1.80  0.00 100   -2   -1  0
83090603 2    0. -25. 421.4 30.0 299.2 1.60  0.00 100    7   -6  0
83090604 2    0. -42. 403.8 29.0 299.9 0.80  0.00 100    3   -1  0
83090605 2    0. -32. 403.6 28.9 299.4 0.90  0.00 100    4   -3  0
83090606 2   53.   9. 400.1 29.2 299.2 0.30  0.00 100   22   -3  0
83090607 2  171. 104. 401.7 30.7 299.4 0.70  0.00 100   78    9  0
83090608 2  256. 165. 403.8 30.8 300.4 0.50  0.00 100   97   44  0
83090609 2  449. 398. 478.2 31.1 301.9 0.80  0.00  10    0  100  6
83090610 2  611. 489. 443.3 29.8 303.1 1.70  0.00  10    0  173 30
83090611 2  589. 472. 451.9 29.9 303.4 2.40  0.00   0  251  149 35
83090612 2  841. 633. 398.1 28.8 304.4 2.50  0.00   0  357  168 37
83090613 2  701. 549. 444.0 27.1 305.1 2.70  0.00   0  371  146 42
83090614 2  571. 464. 475.6 26.8 305.4 2.30  0.00   0  301  104 38
83090615 1  417. 363. 509.1 25.8 305.4 2.40  0.00   0  193   65 37
83090616 2  210. 177. 498.4 28.4 304.2 2.40  0.00   0   62   20 33
83090617 2   54.  18. 458.0 27.2 302.9 1.60  0.00   0   41    4 23
83090618 2    0. -30. 437.6 26.4 301.9 2.10  0.00   0   25  -10 13
83090619 2    0. -19. 444.1 26.7 301.1 2.40  0.00   0   28  -24 16
83090620 2    0. -19. 442.5 27.3 300.6 2.60  0.00   0   26  -30 23
83090621 2    0. -31. 428.3 26.5 299.6 2.20  0.00   0   60  -35 26
83090622 2    0. -30. 422.2 25.5 299.6 2.60  0.00   0   56  -39 25
83090623 2    0. -33. 419.1 26.1 298.7 2.00  0.00   0   21  -29 22
83090700 2    0. -34. 411.8 26.0 297.7 1.50  0.00 100    9  -26  0
83090701 2    0. -31. 407.1 26.0 297.4 1.90  0.00 100    6  -17  0
83090702 2    0. -33. 404.7 25.9 297.2 1.40  0.00   0   11  -20 14
83090703 2    0. -30. 403.0 25.8 297.4 2.10  0.00   0   18  -29 17
83090704 2    0. -27. 410.3 25.8 297.1 2.60  0.00   0   22  -39 27
83090705 2    0. -26. 412.7 26.1 296.9 2.70  0.00   0   20  -33 31
83090706 2   73.  18. 395.0 26.3 296.9 1.70  0.00   0   27  -16 25
83090707 2  275. 149. 355.6 27.1 298.7 2.20  0.00   0   74   15 31
83090708 2  494. 313. 344.6 27.7 300.7 2.90  0.00   0  163   84 48
83090709 2  688. 475. 352.4 27.1 302.4 3.10  0.00   0  252  142 54
83090710 2  751. 423. 257.0 26.6 303.4 3.80  0.00   0  328  182 56
83090711 2  853. 568. 317.0 26.1 303.9 3.40  0.00   0  370  194 55
83090712 2  766. 574. 405.5 25.6 304.2 2.80  0.00   0  360  204 54
83090713 2  774. 641. 471.1 25.1 304.9 2.70  0.00   0  356  210 47
83090714 2  703. 587. 487.4 25.1 305.4 2.40  0.00   0  320  188 42
83090715 2  419. 356. 505.5 24.7 305.1 2.30  0.00   0  225  117 37
83090716 2  234. 199. 500.4 24.7 304.7 2.00  0.00   0  152   40 31
83090717 2   48.  12. 460.9 25.5 304.1 1.70  0.00   0   63    3 20
83090718 2    0. -39. 432.3 25.8 303.1 1.40  0.00   0   18   -6 13
83090719 2    0. -30. 428.2 26.5 302.1 2.00  0.00   0   17  -13 13
83090720 2    0. -30. 429.6 26.3 301.7 1.50  0.00   0   21  -20 14
83090721 2    0. -37. 416.4 26.7 301.1 2.00  0.00   0   19  -23 12
83090722 2    0. -35. 418.3 27.6 300.1 2.20  0.00   0   10  -31 14
83090723 2    0. -41. 411.2 27.9 300.1 1.70  0.00   0   -1  -15  8
83090800 2    0. -35. 411.5 27.2 300.1 2.30  0.00   0    9  -16  8
83090801 2    0. -38. 413.2 26.5 299.6 2.10  0.00   0   17  -25 13
83090802 2    0. -36. 412.5 26.5 298.9 2.20  0.00 100   22  -26  0
83090803 2    0. -33. 413.1 26.2 298.6 1.70  0.00 100   13  -11  0
83090804 2    0. -31. 410.9 26.6 297.6 1.20  0.00 100   12   -7  0
83090805 2    0. -30. 404.6 26.7 297.6 0.50  0.00 100   11    0  0
83090806 2   75.  18. 383.2 26.9 297.2 0.80  0.00 100    7    2  0
83090807 2  261. 142. 358.2 27.6 298.2 0.70  0.00 100   33   31  0
83090808 2  473. 390. 438.5 28.5 301.1 0.60  0.00 999    0    0  0
83090809 2  617. 505. 450.5 28.3 302.9 0.90  0.00   0  133  154 16
83090810 2  758. 610. 443.8 27.2 304.1 2.20  0.00 999    0    0  0
83090811 2  633. 509. 459.0 26.4 304.6 2.20  0.00 999    0    0  0
83090812 2  686. 527. 433.7 26.7 304.9 2.10  0.00 999    0    0  0
83090813 2  503. 417. 484.8 26.2 304.9 1.40  0.00 999    0    0  0
83090814 2  424. 349. 484.2 25.9 304.9 1.70  0.00 999    0    0  0
83090815 2  348. 291. 489.7 26.2 304.9 1.00  0.00 999    0    0  0
83090816 2  172. 118. 465.3 24.6 304.2 1.20  0.00 999    0    0  0
83090817 3   49.   4. 444.4 27.0 303.2 1.20  0.00   0   39    0 13
83090818 3    0. -41. 423.2 26.9 302.6 1.20  0.00   0   13   -1  6
83090819 3    0. -38. 414.6 25.9 302.6 1.60  0.00   0    4    0  1
83090820 3    0. -39. 413.0 26.2 302.2 1.50  0.00   0    2   -2  1
83090821 3    0. -39. 409.6 25.4 302.4 1.60  0.00   0    3   -2  3
83090822 3    0. -37. 411.4 25.1 301.9 1.90  0.00   0    5  -10  5
83090823 3    0. -42. 409.7 25.9 301.6 1.90  0.00   0   12  -30  8
83090900 3    0. -43. 407.9 26.2 301.6 1.90  0.00   0    3  -14  6
83090901 3    0. -42. 408.5 26.9 301.6 1.20  0.00 100    0   -4  0
83090902 3    0. -41. 401.5 27.0 301.1 0.60  0.00 100    2   -1  0
83090903 3    0. -38. 395.5 26.7 300.7 1.00  0.00 999    0    0  0
83090904 3    0. -39. 394.8 25.2 300.9 1.10  0.00 100    1    2  0
83090905 3    0. -34. 400.2 26.2 298.6 1.50  0.00 100    1   -3  0
83090906 3   83.  32. 397.7 27.0 297.7 2.20  0.00 100  -25  -19  0
83090907 3  249. 164. 396.8 27.9 299.1 1.60  0.00 100   33   -9  0
83090908 3  494. 357. 392.1 28.1 301.2 0.90  0.00 100  137   63  0
83090909 3  616. 466. 410.3 27.3 303.6 0.60  0.00   0  293  153 23
83090910 3  799. 586. 385.0 24.6 304.9 1.40  0.00   0  361  183 29
83090911 3  604. 443. 419.1 24.0 305.1 1.40  0.00   0  246  149 26
83090912 1  585. 357. 352.4 24.6 302.7 2.70  0.00 100  272   95  0
83090913 3  707. 501. 376.1 25.4 303.1 2.10  0.00   0  285  169 51
83090914 3  496. 375. 436.2 24.2 303.1 3.40  0.00   0  288  163 49
83090915 3  120.  71. 449.6 21.0 300.4 2.20  0.00   0  238   44 38
83090916 3  195. 124. 418.6 22.3 300.9 1.40  0.00   0  114    4 22
83090917 3   27.  -9. 426.8 24.5 299.4 1.70  0.00   0   46   -8 18
83090918 3    0. -34. 413.5 25.2 298.9 1.80  0.00   0   42  -23 20
83090919 3    0. -31. 413.0 25.9 298.6 1.90  0.00 100   35  -27  0
83090920 3    0. -34. 409.2 25.9 298.2 1.90  0.00 100   12  -12  0
83090921 3    0. -35. 405.8 25.7 297.6 1.80  0.00 999    0    0  0
83090922 3    0. -31. 406.4 25.9 296.9 1.60  0.00 999    0    0  0
83090923 3    0. -27. 407.0 26.5 296.7 1.30  0.00 100   -1   -8  0
83091000 3    0. -12. 419.6 26.1 296.6 1.20  0.00 999    0    0  0
83091001 3    0. -23. 410.9 25.6 296.2 1.20  0.00 999    0    0  0
83091002 3    0. -27. 403.7 25.7 295.9 0.90  0.00 999    0    0  0
83091003 3    0. -27. 398.8 25.4 295.6 1.60  0.00 999    0    0  0
83091004 3    0. -27. 400.6 25.3 295.4 1.70  0.00 999    0    0  0
83091005 3    0. -25. 402.8 25.2 295.2 1.40  0.00 999    0    0  0
83091006 3   78.  13. 373.9 25.3 295.4 1.60  0.00 999    0    0  0
83091007 3  183.  92. 368.0 25.9 296.1 1.60  0.00 999    0    0  0
83091008 3  267. 151. 362.1 25.7 297.1 1.90  0.00 999    0    0  0
83091009 3  223. 107. 361.0 25.1 297.4 2.10  0.00 100  101   36  0
83091010 3  499. 296. 312.6 25.7 298.2 2.00  0.00 100  121   70  0
83091011 3  461. 292. 351.1 25.7 299.4 1.40  0.00 100  144   90  0
83091012 3  317. 209. 397.8 25.7 299.4 1.80  0.00 100  130   70  0
83091013 3  337. 228. 398.2 26.0 299.6 1.50  0.00 999    0    0  0
83091014 3  524. 404. 415.4 26.4 300.4 1.10  0.00 100  184   77  0
83091015 3  294. 255. 473.9 26.5 300.4 1.30  0.00 100  145   52  0
83091016 3  228. 146. 419.8 26.5 300.2 1.90  0.00 100   60    8  0
83091017 3   55.   8. 422.1 26.7 299.6 1.60  0.00 100   28   -9  0
83091018 3    0. -36. 414.1 26.9 298.6 1.90  0.00 100   12   -8  0
83091019 3    0. -34. 410.8 27.2 298.2 1.80  0.00 100    4   -6  0
83091020 3    0. -37. 404.4 27.4 297.9 1.30  0.00 100   -3   -2  0
83091021 3    0. -34. 400.5 27.4 297.9 1.30  0.00 100   -4    2  0
83091022 3    0. -33. 399.6 27.3 297.7 1.40  0.00 100    1   -3  0
83091023 3    0. -31. 401.5 26.9 297.2 1.90  0.00 100   10  -17  0
83091100 3    0. -29. 406.5 27.1 296.9 1.90  0.00 999    0    0  0
83091101 3    0. -21. 414.7 27.3 296.6 1.70  0.00 999    0    0  0
83091102 3    0. -12. 423.2 26.9 296.1 2.20  0.00 999    0    0  0
83091103 3    0. -13. 421.8 27.3 296.2 1.90  0.00 999    0    0  0
83091104 3    0. -11. 424.0 27.1 296.1 2.20  0.00 999    0    0  0
83091105 3    0.  -7. 427.9 27.0 296.1 1.90  0.00 999    0    0  0
83091106 3   11. -22. 403.7 23.6 294.6 2.20  0.00 999    0    0  0
83091107 3   32. -12. 386.9 23.9 294.7 2.00  0.00 999    0    0  0
83091108 3   55.  27. 405.7 24.2 294.9 1.20  0.00 999    0    0  0
83091109 3  146.  82. 385.9 24.6 295.4 1.40  0.00 999    0    0  0
83091110 3  238. 160. 390.6 25.3 296.4 0.50  0.00   0   88   66 20
83091111 3  307. 160. 340.7 26.3 297.4 0.90  0.00   0  119   78 20
83091112 3  411. 251. 346.9 26.8 298.4 0.90  0.00   0  162  104 18
83091113 3  507. 401. 421.8 25.9 300.1 1.10  0.00 100  170  112  0
83091114 3  266. 223. 462.7 25.6 300.1 1.40  0.00 999    0    0  0
83091115 3  112.  50. 416.7 24.8 296.9 2.20  1.00 999    0    0  0
83091116 3  113.  27. 365.2 26.6 296.2 0.80  1.50 999    0    0  0
83091117 3   25. -11. 403.5 26.3 296.6 0.50  0.50 999    0    0  0
83091118 3    0. -25. 408.6 26.2 296.7 0.80  0.25 999    0    0  0
83091119 3    0. -29. 400.9 25.8 296.7 0.70  0.00 999    0    0  0
83091120 3    0. -36. 391.0 25.8 296.7 0.90  0.00 999    0    0  0
83091121 3    0. -28. 397.2 26.1 296.2 1.50  0.00 999    0    0  0
83091122 3    0. -25. 402.6 26.6 296.2 0.80  0.00 999    0    0  0
83091123 3    0. -16. 411.0 26.5 296.1 1.10  0.00 999    0    0  0
83091200 3    0. -19. 409.8 26.5 295.7 0.60  0.00 999    0    0  0
83091201 3    0. -18. 409.5 26.3 295.6 0.80  0.00 999    0    0  0
83091202 3    0. -13. 414.3 26.5 295.7 0.80  0.00 999    0    0  0
83091203 3    0.  -9. 419.4 26.0 295.4 1.10  0.00 999    0    0  0
83091204 3    0.  -8. 420.2 25.5 295.1 0.60  0.00 999    0    0  0
83091205 3    0.  -3. 424.8 25.9 295.2 1.20  0.00 999    0    0  0
83091206 3   36.  11. 408.5 25.7 295.1 0.60  0.00 999    0    0  0
83091207 3  166.  41. 330.6 26.7 295.7 0.80  0.00 999    0    0  0
83091208 3  335. 109. 257.4 28.1 296.6 1.70  0.00 999    0    0  0
83091209 3  376. 189. 307.1 28.7 297.9 1.70  0.00 999    0    0  0
83091210 3  568. 379. 337.7 27.6 299.9 1.40  3.75 999    0    0  0
83091211 3  567. 476. 442.7 26.9 300.7 1.60  4.00 999    0    0  0
83091212 3  426. 326. 413.9 27.7 300.4 1.90  0.25 999    0    0  0
83091213 3  435. 304. 386.1 28.6 300.6 1.20  0.25 999    0    0  0
83091214 2  610. 513. 448.0 27.4 302.7 1.50  0.08 999    0    0  0
83091215 2  293. 242. 465.4 25.9 301.9 2.00  0.08 999    0    0  0
83091216 2   87.  34. 421.2 26.4 300.1 2.80  0.08 999    0    0  0
83091217 2   39.   1. 416.4 23.8 297.2 1.80  0.00 999    0    0  0
83091218 2    0. -30. 409.2 23.8 296.9 0.60  0.00 999    0    0  0
83091219 2    0. -18. 411.4 23.9 296.7 1.40  0.00 999    0    0  0
83091220 2    0. -12. 420.4 24.4 296.6 1.70  0.00 999    0    0  0
83091221 2    0. -13. 422.4 24.4 296.7 1.50  0.00 999    0    0  0
83091222 2    0. -12. 423.4 24.8 296.7 1.50  0.00 100   -8   -6  0
83091223 2    0. -12. 423.7 25.3 296.4 1.80  0.00 100    3  -14  0
83091300 2    0. -14. 421.6 25.9 296.2 1.80  0.00 100   -6    8  0
83091301 2    0. -16. 418.6 26.1 296.2 1.70  0.00 100   -1    0  0
83091302 2    0. -19. 415.0 26.2 296.1 1.00  0.00 100   -5    0  0
83091303 2    0. -18. 412.6 26.2 296.1 1.00  0.00 100   -6    1  0
83091304 2    0. -17. 412.3 26.1 295.9 1.50  0.00 100  -21    0  0
83091305 2    0. -19. 412.1 26.5 296.1 1.60  0.00 999    0    0  0
83091306 2   79.  23. 389.2 26.9 296.1 1.70  0.00 999    0    0  0
83091307 2  257. 153. 372.0 28.1 297.6 0.80  0.00 999    0    0  0
83091308 2  470. 417. 466.4 27.8 299.6 1.30  0.00 999    0    0  0
83091309 2  571. 579. 557.1 27.9 300.9 2.20  0.00 999    0    0  0
83091310 2  521. 500. 530.5 28.0 301.4 1.60  0.00 100  169   82  0
83091311 2  561. 527. 524.5 28.2 302.2 1.20  0.00 999    0    0  0
83091312 2  758. 618. 451.1 28.4 303.6 1.30  0.50 999    0    0  0
83091313 2  607. 485. 429.6 28.5 304.1 1.20  0.00 999    0    0  0
83091314 2  589. 501. 484.5 26.1 305.1 1.00  0.00 999    0    0  0
83091315 2  269. 169. 434.5 26.1 303.1 1.60  0.00 999    0    0  0
83091316 2  215. 168. 464.9 26.4 303.7 0.60  0.00 999    0    0  0
83091317 3   36.  20. 471.6 28.1 301.4 1.70  5.00 999    0    0  0
83091318 3    0. -20. 432.2 27.9 297.6 1.50  0.75 999    0    0  0
83091319 3    0. -36. 403.1 27.7 297.9 2.20  0.00 999    0    0  0
83091320 3    0. -41. 395.0 27.6 297.9 2.30  0.00 999    0    0  0
83091321 3    0. -42. 393.0 27.1 297.9 2.10  0.00 999    0    0  0
83091322 3    0. -36. 397.4 26.9 297.6 2.70  0.00 999    0    0  0
83091323 3    0. -31. 402.5 26.7 296.9 2.50  0.00 999    0    0  0
83091400 3    0. -30. 402.2 26.1 296.6 2.10  0.00 100    7   -7  0
83091401 3    0. -29. 401.2 25.9 296.9 2.20  0.00 100    7   -7  0
83091402 3    0. -27. 403.4 25.7 296.4 2.30  0.00 100    9  -13  0
83091403 3    0. -27. 402.9 25.9 296.1 1.70  0.00 100    1  -12  0
83091404 3    0. -26. 402.8 25.8 295.9 1.70  0.00 100    0  -10  0
83091405 3    0. -25. 403.3 25.7 295.9 2.30  0.00 100    0  -13  0
83091406 3   75.  18. 385.2 25.9 295.9 2.30  0.00 100   21    2  0
83091407 3  273. 159. 361.9 26.9 296.9 1.20  0.00 100   53   37  0
83091408 3  512. 378. 387.5 27.4 299.1 1.10  0.00 100  134   96  0
83091409 3  707. 550. 407.9 28.2 301.6 0.60  0.25 100  313  215  0
83091410 3  628. 478. 405.9 27.6 302.4 0.90  0.00 100  332  163  0
83091411 3  491. 372. 430.9 27.8 302.4 1.40  0.00 100  358  123  0
83091412 3  625. 483. 425.5 27.4 302.7 1.60  0.00 100  243   93  0
83091413 3  489. 383. 447.8 27.6 302.4 2.40  0.00 999    0    0  0
83091414 3  112.  82. 465.3 27.6 299.1 2.70  1.25 999    0    0  0
83091415 3   15. -16. 416.8 26.2 296.7 1.20  1.75 999    0    0  0
83091416 3   22. -30. 385.4 26.1 297.4 2.50  0.50 999    0    0  0
83091417 3   17. -17. 400.3 27.2 297.1 1.70  0.00 999    0    0  0
83091418 3    0. -33. 400.3 27.2 297.4 1.80  0.00 999    0    0  0
83091419 3    0. -35. 397.6 26.7 297.6 1.20  0.00 999    0    0  0
83091420 3    0. -16. 413.7 27.3 296.6 1.20  0.00 999    0    0  0
83091421 3    0. -34. 397.6 26.8 296.9 1.40  0.00 999    0    0  0
83091422 3    0. -37. 392.9 26.8 297.1 1.60  0.00 100  -12    0  0
83091423 3    0. -29. 401.0 27.4 296.9 1.50  0.00 999    0    0  0
83091500 3    0. -46. 385.4 26.1 297.2 1.80  0.00 999    0    0  0
83091501 3    0. -36. 392.8 25.9 296.6 1.20  0.00 999    0    0  0
83091502 3    0. -37. 389.3 25.4 296.6 0.70  0.00 999    0    0  0
83091503 3    0. -36. 386.9 25.3 296.7 0.60  0.00 999    0    0  0
83091504 3    0. -41. 380.4 26.0 297.1 0.40  0.00 999    0    0  0
83091505 3    0. -34. 384.9 25.4 296.6 1.40  0.00 999    0    0  0
83091506 3   74.  11. 373.1 25.9 296.2 1.40  0.00 999    0    0  0
83091507 3  292. 126. 309.7 27.0 298.1 1.30  0.00 999    0    0  0
83091508 3  526. 390. 386.8 28.5 300.4 1.20  0.00 999    0    0  0
83091509 3  712. 549. 395.1 28.2 301.9 1.20  0.00 999    0    0  0
83091510 2  727. 594. 449.8 28.5 303.1 1.70  0.00 999    0    0  0
83091511 3  230. 157. 448.7 27.1 299.4 2.60 24.75 999    0    0  0
83091512 3   75.  28. 412.1 26.8 297.4 1.70  0.25 999    0    0  0
83091513 3  184.  85. 365.6 27.9 297.1 1.20  0.00 999    0    0  0
83091514 3  304. 179. 361.2 28.6 298.4 0.70  0.00 999    0    0  0
83091515 3  238. 171. 419.5 29.7 299.2 0.80  0.00 999    0    0  0
83091516 3  136.  85. 427.4 30.6 299.4 1.00  0.00 999    0    0  0
83091517 3   35.  -2. 425.0 30.6 299.1 0.50  0.00 999    0    0  0
83091518 3    0. -34. 416.0 31.0 298.9 1.10  0.00 999    0    0  0
83091519 3    0. -35. 405.7 30.5 298.9 1.10  0.00 999    0    0  0
83091520 3    0. -32. 407.3 30.3 298.9 1.00  0.00 100   11   -2  0
83091521 3    0. -33. 405.3 30.2 298.6 1.20  0.00 100    5   -2  0
83091522 3    0. -34. 404.4 30.2 298.6 1.20  0.00 100   13   -6  0
83091523 3    0. -29. 409.1 30.4 298.2 1.20  0.00 100   16  -10  0
83091600 3    0. -23. 415.8 29.9 297.9 1.30  0.00 999    0    0  0
83091601 3    0. -20. 419.1 30.0 297.7 1.20  0.00 999    0    0  0
83091602 3    0. -19. 420.1 29.6 297.6 1.50  0.00 999    0    0  0
83091603 3    0. -24. 415.2 28.9 297.4 1.50  0.00 999    0    0  0
83091604 3    0. -25. 412.3 28.6 297.2 1.30  0.00 999    0    0  0
83091605 3    0. -28. 407.5 28.0 297.4 1.30  0.00 999    0    0  0
83091606 3   91.   7. 364.9 27.2 297.4 1.50  0.00 999    0    0  0
83091607 3  303. 204. 385.1 28.6 298.7 0.70  0.00 100  111   21  0
83091608 3  525. 423. 430.6 29.7 300.9 1.30  0.00   0  218   89 25
83091609 3  650. 503. 420.2 28.5 302.2 2.50  0.00   0  284  112 41
83091610 3  517. 421. 458.3 27.6 302.7 3.00  0.00   0  315  102 47
83091611 3  764. 581. 405.5 27.6 303.9 2.60  0.00   0  345  154 43
83091612 3  722. 551. 421.3 27.2 304.1 2.10  0.00   0  346  177 37
83091613 3  657. 522. 452.1 26.1 305.1 2.20  0.00   0  312  159 37
83091614 3  556. 431. 454.3 26.0 305.1 2.50  0.00 999    0    0  0
83091615 3  301. 247. 488.6 26.7 304.4 1.70  0.00 999    0    0  0
83091616 3   24.  -3. 465.0 25.2 297.6 4.40 60.00 999    0    0  0
83091617 3    9. -26. 403.6 24.0 298.7 2.10  0.25 999    0    0  0
83091618 3    0. -39. 391.7 23.5 301.6 1.70  0.25 999    0    0  0
83091619 3    0. -23. 407.4 24.3 301.7 2.60  0.00 999    0    0  0
83091620 3    0. -25. 408.9 24.7 301.1 2.70  0.00 999    0    0  0
83091621 3    0. -25. 410.2 25.6 300.9 2.60  0.00 999    0    0  0
83091622 3    0. -26. 415.9 25.7 300.4 2.30  0.00   0   14  -14  6
83091623 3    0. -27. 424.3 26.0 300.4 2.40  0.00   0    4  -13  6
83091700 3    0. -30. 423.9 25.5 299.6 2.10  0.00   0    8  -17  6
83091701 3    0. -30. 419.5 25.0 298.9 1.90  0.00   0   15  -27  8
83091702 3    0. -28. 416.9 25.1 298.9 1.50  0.00   0    9  -18  6
83091703 3    0. -28. 412.8 25.0 298.9 1.40  0.00   0    2   -3  1
83091704 3    0. -27. 411.1 24.7 298.6 1.60  0.00 100    3   -5  0
83091705 3    0. -26. 412.6 25.1 297.7 1.20  0.00 100    9  -10  0
83091706 3   93.  44. 399.8 25.4 297.9 0.90  0.00   0   23    1  3
83091707 3  281. 202. 407.5 26.6 299.4 1.20  0.00   0   83   28 16
83091708 3  504. 426. 454.4 27.5 300.7 1.70  0.25   0  179   75 30
83091709 3  747. 615. 432.7 27.0 302.1 2.50  0.00   0  266  152 37
83091710 3  794. 589. 388.7 27.2 303.4 1.70  0.00   0  333  213 37
83091711 3  885. 637. 366.0 25.5 304.1 1.90  0.00   0  373  186 32
83091712 3  841. 627. 400.6 24.7 304.9 1.70  0.00   0  399  195 32
83091713 3  616. 468. 442.2 24.0 305.2 1.60  0.00  -9  398  171 31
83091714 3  667. 516. 447.4 23.0 305.4 1.90  0.00   0  287  117 30
83091715 3  428. 345. 486.2 23.1 305.4 1.70  0.00   0  237   84 26
83091716 3  172. 124. 479.7 23.8 304.6 1.20  0.00   0  110   33 18
83091717 3   31. -13. 446.9 23.7 304.1 1.20  0.00   0   25    6  7
83091718 3    0. -44. 419.7 24.3 303.6 1.40  0.00   0    4    0  1
83091719 3    0. -45. 408.6 24.7 302.9 1.80  0.00 100    6   -3  0
83091720 3    0. -45. 407.7 24.7 302.6 1.30  0.00 100    4    0  0
83091721 3    0. -47. 398.0 25.5 302.6 1.60  0.00   0    3    0  1
83091722 3    0. -46. 398.1 25.4 301.9 1.90  0.00   0    2   -4  3
83091723 3    0. -46. 401.4 26.3 301.7 1.60  0.00   0    3   -8  7
